41
93
59
20
93
73
59
94
17
44
48
88
71
17
10
45
34
88
99
14
10
40
21
20
73
21
54
16
43
10
20
63
16
98
77
27
86
58
23
91
96
99
54
97
85
91
11
17
83
97
18
56
14
27
42
37
31
52
11
26
51
6
43
39
9
80
40
26
45
43
18
90
11
73
45
98
76
39
0
3
27
44
18
45
2
74
93
56
84
56
11
51
68
86
63
50
71
61
99
43
63
47
73
29
93
75
16
45
58
57
38
65
45
89
50
63
65
31
62
49
50
7
100
97
18
47
85
96
26
100
30
31
87
10
42
94
13
25
68
28
5
92
35
1
58
2
1
30
36
35
96
5
62
43
9
100
59
99
95
66
28
92
40
45
7
71
22
69
18
98
59
91
92
76
41
69
57
67
66
76
26
44
91
54
27
42
28
39
31
93
58
81
11
12
84
2
96
57
40
90
15
81
10
59
28
93
24
85
45
14
43
25
17
58
8
91
77
92
38
10
44
96
63
40
92
13
27
63
87
75
80
68
93
93
22
74
44
16
59
40
66
8
74
87
22
3
60
30
46
76
83
68
92
53
22
100
74
40
37
34
53
69
82
55
18
10
50
19
63
32
42
21
85
97
90
72
44
75
25
90
60
79
100
84
48
22
99
90
33
50
22
82
76
35
18
85
32
19
86
35
57
85
6
10
6
82
67
19
66
75
36
36
39
59
96
39
11
93
69
36
12
27
81
5
6
32
14
50
73
63
54
5
20
61
4
94
10
9
4
20
95
100
92
3
74
16
54
87
59
91
68
21
85
77
62
51
90
74
6
89
32
40
22
58
3
69
77
5
31
32
87
43
2
70
64
8
75
74
83
85
37
33
54
91
75
22
17
67
41
49
55
20
92
81
54
19
3
59
69
64
75
37
2
67
69
77
81
44
99
98
61
90
43
37
63
18
36
97
24
80
69
27
16
30
11
84
26
36
0
84
97
27
64
80
3
93
4
0
17
65
17
96
46
69
74
67
13
44
43
83
90
11
57
80
41
62
6
12
46
33
15
80
62
43
42
77
46
69
62
35
86
64
35
38
47
9
28
52
74
8
85
41
55
94
75
84
97
40
46
46
74
72
4
22
68
91
42
34
100
42
85
91
1
1
36
58
61
57
25
50
69
53
17
96
48
77
53
45
8
44
42
36
57
62
60
79
37
97
97
34
92
48
41
73
7
78
85
82
26
25
95
14
28
45
48
10
73
55
72
51
74
39
89
96
34
99
52
71
61
97
7
4
46
72
86
25
70
72
30
93
10
60
76
30
95
79
70
21
13
79
12
61
40
51
64
86
7
84
7
35
53
6
92
58
50
58
20
70
74
62
88
91
7
70
7
41
66
83
82
22
8
37
41
54
61
64
49
49
75
68
89
14
75
22
26
8
77
52
68
65
19
67
33
29
58
6
32
16
84
47
52
1
18
19
4
85
63
55
92
84
72
13
19
72
96
26
79
26
83
1
34
39
54
68
75
50
19
13
58
86
96
75
19
81
67
58
7
70
93
86
67
79
81
8
41
74
27
50
78
92
53
24
15
86
39
20
39
56
10
78
11
89
65
41
70
28
75
40
23
56
64
56
69
90
3
3
66
69
56
0
25
28
79
91
12
39
84
53
93
95
29
44
59
47
61
17
74
100
62
71
28
70
42
12
25
14
49
16
0
12
6
40
12
10
37
43
37
77
0
43
13
78
33
26
95
15
33
53
9
37
82
92
69
85
49
13
69
89
59
45
6
53
71
48
30
38
85
84
59
22
14
17
99
40
82
77
55
38
6
45
60
50
17
21
49
33
38
2
35
41
78
26
65
3
84
61
14
98
1
78
41
65
16
99
6
76
34
37
58
26
50
57
76
67
16
50
67
75
92
0
8
69
74
50
70
26
32
86
2
60
49
69
28
92
58
60
83
36
5
64
85
100
52
86
71
41
79
56
51
58
74
38
74
64
13
5
58
33
25
41
38
16
54
26
32
40
45
68
84
100
13
41
100
45
1
77
2
4
51
40
86
16
58
6
2
51
0
58
11
6
98
96
4
55
87
72
84
65
6
33
90
86
27
20
3
6
97
21
66
15
98
32
52
78
87
72
33
45
81
57
67
45
38
45
28
86
49
81
6
37
91
4
75
45
12
79
70
64
68
83
55
22
24
13
36
51
50
36
67
10
55
12
24
61
70
86
60
11
9
23
32
28
53
93
77
86
95
47
38
39
85
90
51
98
23
25
13
63
91
36
