53
69
43
29
96
12
46
46
15
68
75
14
4
67
2
27
40
96
56
42
57
98
60
99
47
13
91
82
52
62
75
93
28
88
3
29
58
58
71
47
96
21
27
20
78
73
97
95
1
35
42
94
25
63
39
33
15
79
15
72
36
66
38
11
39
24
78
67
68
97
63
95
49
45
32
34
57
100
94
3
51
17
56
50
94
81
55
63
23
29
2
91
44
96
40
56
24
31
69
1
37
50
63
60
26
70
31
8
10
3
42
11
45
28
53
8
2
48
25
37
5
91
87
89
86
42
24
77
66
28
69
89
79
83
7
11
1
58
50
28
85
66
54
46
94
44
33
46
86
96
79
45
75
26
84
78
24
24
26
75
54
44
51
60
66
81
72
15
95
88
69
50
25
23
52
13
86
63
90
94
12
66
94
13
44
13
21
26
71
69
14
63
91
43
81
25
0
27
29
79
77
25
44
11
62
36
42
9
28
17
42
18
85
53
35
87
7
91
33
64
12
66
6
57
31
87
56
2
27
74
19
81
81
70
34
27
80
94
12
33
39
38
91
66
76
34
8
96
76
43
5
13
20
44
13
82
48
66
81
48
95
75
8
21
41
88
38
68
90
85
38
95
86
81
45
45
20
29
30
94
54
6
80
95
47
35
19
93
15
76
32
56
66
23
91
19
70
1
77
43
93
51
54
99
20
68
70
13
35
31
69
100
0
79
39
11
85
59
83
59
22
56
63
30
36
19
92
40
83
94
87
65
74
16
15
14
13
55
51
72
48
70
0
55
18
85
65
90
43
64
79
51
18
50
78
79
44
81
74
50
9
94
71
65
14
58
53
29
89
80
44
44
56
42
80
88
54
21
94
54
38
8
69
38
75
14
28
17
71
24
16
48
78
61
42
10
37
64
91
72
90
48
58
89
51
38
61
59
40
41
51
26
24
6
25
91
62
88
55
64
24
61
36
28
12
89
40
77
57
25
15
18
2
88
30
35
30
31
34
50
4
54
94
26
57
46
91
4
93
71
93
69
65
46
33
30
30
97
91
18
63
94
28
84
8
60
11
93
40
1
71
32
23
63
26
18
85
48
91
10
11
70
82
87
35
82
56
89
4
26
59
27
18
41
67
2
26
75
83
74
26
24
65
38
96
65
47
57
84
39
1
9
62
22
66
28
48
22
86
15
82
70
94
95
24
48
73
64
67
99
3
36
78
58
91
52
0
86
73
24
69
91
47
51
83
72
100
72
79
76
17
48
37
9
98
54
72
49
27
37
65
79
100
55
4
80
85
38
13
42
9
10
54
9
44
61
88
22
89
11
63
26
87
55
61
64
69
41
43
56
16
28
53
23
4
94
47
8
51
27
44
72
86
65
33
67
53
2
95
74
64
43
87
29
8
9
87
87
17
12
75
74
77
25
31
8
52
1
84
52
27
88
15
11
8
55
74
8
27
44
26
41
77
28
70
94
70
26
36
2
68
49
1
65
45
80
27
11
68
4
7
32
23
69
88
89
86
9
13
29
28
65
74
61
11
78
93
95
64
22
38
53
24
50
76
93
14
57
16
40
17
22
50
3
89
43
98
90
14
17
82
7
69
75
77
77
100
69
50
44
24
16
88
19
10
56
70
41
31
16
90
68
30
85
12
50
92
42
90
85
38
7
56
43
25
93
1
6
63
43
97
36
36
82
96
75
36
62
66
38
66
84
68
45
87
26
70
41
62
0
100
98
16
69
53
37
41
43
91
95
70
18
62
23
8
83
34
14
40
83
37
90
41
95
68
75
50
69
28
37
2
80
64
41
75
25
73
79
95
6
49
63
4
27
5
26
96
45
5
53
64
58
73
64
26
48
40
72
50
41
26
60
15
88
43
96
51
39
7
55
12
3
12
0
99
92
71
76
6
39
5
51
84
32
70
77
91
69
14
79
89
77
23
45
20
47
0
0
69
20
71
21
22
14
44
37
93
43
15
65
37
53
99
0
95
53
10
11
71
96
48
74
79
19
21
64
82
70
79
80
56
91
46
68
27
4
66
63
15
76
100
61
11
60
39
42
96
46
37
10
14
81
93
14
67
54
10
72
52
94
21
89
70
24
96
97
73
24
28
19
98
78
23
75
64
69
94
84
23
53
60
53
18
31
82
47
45
5
68
47
77
84
80
59
44
67
14
32
39
75
62
29
6
3
20
50
50
79
74
48
40
69
95
99
60
84
47
38
95
79
49
70
43
89
21
82
92
64
79
17
87
21
68
27
62
12
68
2
60
68
