6
20
15
17
15
20
14
1
2
13
12
4
6
11
4
16
18
16
14
16
10
17
3
19
0
2
11
9
19
19
15
7
1
8
15
13
20
13
4
16
1
3
11
13
3
17
17
19
10
8
10
2
9
20
10
18
4
10
17
13
12
16
3
12
19
15
18
17
19
7
20
2
4
2
7
7
11
7
13
6
0
6
10
0
10
20
18
4
17
11
9
18
1
5
3
8
6
0
10
20
8
14
11
11
19
3
6
13
3
18
14
1
0
4
2
13
15
17
6
7
18
18
15
4
12
3
6
13
14
19
19
5
5
15
8
1
2
2
16
9
13
16
2
18
15
12
14
2
20
2
0
1
6
7
15
5
5
20
20
17
7
18
6
4
14
19
16
0
16
19
6
0
14
15
7
11
3
4
12
9
3
9
5
6
9
12
0
18
5
20
1
5
5
12
10
11
15
4
12
6
4
15
6
1
11
11
16
17
11
16
8
11
19
18
0
6
16
2
14
14
4
18
18
15
11
3
18
11
9
11
11
11
7
4
19
9
17
12
14
12
4
3
4
0
5
12
9
14
20
8
19
11
13
11
2
4
13
20
12
11
1
9
16
13
16
9
8
5
8
18
15
16
3
7
8
3
11
19
14
15
7
13
6
4
14
20
4
18
10
4
2
19
20
0
9
16
2
16
9
18
7
6
5
16
2
17
3
6
0
11
10
20
13
3
19
20
7
3
2
18
0
0
19
3
0
7
2
11
8
6
13
9
10
4
20
19
12
9
10
4
5
11
0
20
9
4
18
9
10
4
14
9
18
3
3
12
4
17
12
19
2
6
20
7
10
9
17
3
6
18
20
11
17
20
8
10
14
14
13
12
0
20
6
10
3
9
17
4
15
0
20
12
12
4
5
3
15
8
9
4
4
1
4
9
18
20
11
4
20
16
6
17
13
9
18
18
19
17
0
19
3
20
0
6
7
11
12
14
10
17
6
4
0
18
17
5
2
2
1
1
10
7
6
20
2
7
8
13
20
17
20
6
18
3
7
15
20
4
7
8
13
10
2
3
5
19
16
8
15
10
9
16
8
14
2
5
0
8
15
1
8
7
14
18
13
15
7
9
15
12
7
3
4
0
18
5
1
7
16
4
6
18
20
11
14
18
20
2
7
1
0
1
4
20
12
11
9
10
14
12
3
8
17
20
10
4
15
9
13
0
0
2
1
9
17
15
20
2
16
19
8
0
20
14
3
15
9
7
16
18
6
2
9
13
12
2
2
3
19
16
1
3
17
16
12
14
20
12
15
4
2
4
8
6
4
14
11
0
11
14
13
2
11
9
10
10
2
9
7
19
11
8
0
4
13
0
12
6
19
10
16
2
13
2
5
15
6
7
2
5
11
11
17
4
5
13
17
3
19
13
2
4
5
20
0
1
14
19
7
12
9
15
6
17
13
18
5
0
10
1
2
8
9
5
18
9
15
2
19
11
10
15
9
18
3
8
13
7
16
12
1
14
9
10
0
16
5
13
16
19
6
8
7
3
7
4
20
11
3
16
4
11
14
15
6
6
2
5
13
16
17
18
16
12
18
3
6
13
15
18
1
5
9
3
8
13
5
16
0
2
1
2
0
15
16
10
3
17
19
18
10
12
20
19
10
4
18
19
11
16
7
11
18
9
7
18
17
10
10
5
5
3
12
7
3
4
10
10
13
10
3
5
8
11
13
4
20
2
3
17
18
20
5
11
15
16
19
11
4
3
16
20
15
3
20
1
20
14
5
15
19
20
1
19
3
9
2
2
17
1
3
1
8
17
13
14
2
15
11
0
11
5
18
20
17
0
10
1
18
19
19
8
17
4
12
4
16
10
7
17
5
13
2
2
14
16
6
5
19
0
11
18
19
5
2
17
15
0
15
17
5
8
0
0
6
7
7
16
6
2
15
8
0
8
14
12
19
16
0
0
9
10
13
0
6
9
13
18
4
7
19
2
9
14
13
12
1
20
11
2
2
7
5
8
20
10
20
17
4
16
20
20
18
7
6
16
20
4
5
1
12
7
9
11
6
0
3
12
3
3
19
11
5
8
15
1
13
1
6
7
15
10
18
7
15
18
13
16
2
0
1
16
14
16
0
6
14
11
10
1
2
15
20
18
15
13
2
11
15
3
11
13
19
19
2
17
6
19
0
4
9
13
4
1
3
17
17
14
2
6
3
11
18
15
0
10
16
15
7
6
5
4
16
7
11
20
0
13
20
0
2
10
13
16
20
8
4
8
15
5
